200
./output/%d.data
640 480 120

4.5 0.0 0.0   1.0 0.5   1.0 1.0 1.0   0.0 0.0
2.0 2.0 -3.0   0.5 0.1   1.0 1.0 1.0   0.0 0.0

 2.0    0.0   0.25     1.0  0.0  0.0   1.5   0.65  0.25   10
-1.41  -1.41  0.0      0.0  1.0  0.0   1.25  0.25  0.65   4
 0.0    2.0   0.25     0.0  0.0  1.0   1.75  0.45  0.45   8

-8.0 -8.0 -2.0   -8.0 8.0 0.0   8.0 8.0 -2.0   8.0 -8.0 -2.5 ./textures/floor_1.data 0.1 0.1 0.1 0.7

3
 3     0    5  1.0 0.0 0.0
-2.12 -2.12 5  0.0 1.0 0.0
 0     3    5  0.0 1.0 1.0

9 2
